6 6  1   4
Map file for 7x5x1 Black cell.
0 0 0 0 1
0 0 0 1 2
0 0 0 2 3
0 0 0 3 4
0 1 0 0 5
0 1 0 1 6
0 1 0 2 7
0 1 0 3 8
0 2 0 0 9
0 2 0 1 10
0 2 0 2 11
0 2 0 3 12
0 3 0 0 13
0 3 0 1 14
0 3 0 2 15
0 3 0 3 16
0 4 0 0 17
0 4 0 1 18
0 4 0 2 19
0 4 0 3 20
0 5 0 0 21
0 5 0 1 22
0 5 0 2 23
0 5 0 3 24
1 0 0 0 25
1 0 0 1 26
1 0 0 2 27
1 0 0 3 28
1 1 0 0 29
1 1 0 1 30
1 1 0 2 31
1 1 0 3 32
1 2 0 0 33
1 2 0 1 34
1 2 0 2 35
1 2 0 3 36
1 3 0 0 37
1 3 0 1 38
1 3 0 2 39
1 3 0 3 40
1 4 0 0 41
1 4 0 1 42
1 4 0 2 43
1 4 0 3 44
1 5 0 0 45
1 5 0 1 46
1 5 0 2 47
1 5 0 3 48
2 0 0 0 49
2 0 0 1 50
2 0 0 2 51
2 0 0 3 52
2 1 0 0 53
2 1 0 1 54
2 1 0 2 55
2 1 0 3 56
2 2 0 0 57
2 2 0 1 58
2 2 0 2 59
2 2 0 3 60
2 3 0 0 61
2 3 0 1 62
2 3 0 2 63
2 3 0 3 64
2 4 0 0 65
2 4 0 1 66
2 4 0 2 67
2 4 0 3 68
2 5 0 0 69
2 5 0 1 70
2 5 0 2 71
2 5 0 3 72
3 0 0 0 73
3 0 0 1 74
3 0 0 2 75
3 0 0 3 76
3 1 0 0 77
3 1 0 1 78
3 1 0 2 79
3 1 0 3 80
3 2 0 0 81
3 2 0 1 82
3 2 0 2 83
3 2 0 3 84
3 3 0 0 85
3 3 0 1 86
3 3 0 2 87
3 3 0 3 88
3 4 0 0 89
3 4 0 1 90
3 4 0 2 91
3 4 0 3 92
3 5 0 0 93
3 5 0 1 94
3 5 0 2 95
3 5 0 3 96
4 0 0 0 97
4 0 0 1 98
4 0 0 2 99
4 0 0 3 100
4 1 0 0 101
4 1 0 1 102
4 1 0 2 103
4 1 0 3 104
4 2 0 0 105
4 2 0 1 106
4 2 0 2 107
4 2 0 3 108
4 3 0 0 109
4 3 0 1 110
4 3 0 2 111
4 3 0 3 112
4 4 0 0 113
4 4 0 1 114
4 4 0 2 115
4 4 0 3 116
4 5 0 0 117
4 5 0 1 118
4 5 0 2 119
4 5 0 3 120
5 0 0 0 121
5 0 0 1 122
5 0 0 2 123
5 0 0 3 124
5 1 0 0 125
5 1 0 1 126
5 1 0 2 127
5 1 0 3 128
5 2 0 0 129
5 2 0 1 130
5 2 0 2 131
5 2 0 3 132
5 3 0 0 133
5 3 0 1 134
5 3 0 2 135
5 3 0 3 136
5 4 0 0 137
5 4 0 1 138
5 4 0 2 139
5 4 0 3 140
5 5 0 0 141
5 5 0 1 142
5 5 0 2 143
5 5 0 3 144

